相机内参数矩阵:
[530.7394448743526, 0, 338.6846505178453;
 0, 530.9334689728653, 232.6770539320216;
 0, 0, 1]

畸变系数:
[-0.2551254713778039, -0.1372358752588854, 0.0004951133974055738, -0.0007987505988360295, 0.4669679194304228]

第1幅图像的旋转向量:
[-75.11138957060467;
 -110.6127179016648;
 412.8136465001695]
第1幅图像的旋转矩阵:
[0.9284530819814583, -0.3553328105366078, -0.1082287776669707;
 0.3618417681588001, 0.9310358385287608, 0.04735823255528205;
 0.08393693689219625, -0.08313158924982864, 0.9929973461666215]
第1幅图像的平移向量:
[-1.984703035134802;
 -2.009526360617113;
 0.1154516357411143]
第2幅图像的旋转向量:
[-57.784693657901;
 87.93507213549465;
 365.851955283615]
第2幅图像的旋转矩阵:
[-0.8098578636783178, 0.4373410820619329, -0.390977005179702;
 -0.5672523406829312, -0.7536945028665312, 0.3319177282678767;
 -0.1495159611149488, 0.4905888036733716, 0.8584681724340177]
第2幅图像的平移向量:
[-2.429644182951832;
 -0.2014272007623014;
 0.2100035825096015]
第3幅图像的旋转向量:
[-38.88019879216611;
 -102.3062466236129;
 328.8212237111522]
第3幅图像的旋转矩阵:
[0.5612556059141074, -0.774142894504661, -0.2927369531130867;
 0.8035751986527472, 0.594385823920326, -0.03118320754433634;
 0.19813895361636, -0.2177344052062068, 0.9556844059883541]
第3幅图像的平移向量:
[1.727264431225201;
 2.495131836601992;
 -0.5153119979896722]
第4幅图像的旋转向量:
[-99.85284067066729;
 -67.8513888723248;
 341.7815076402905]
第4幅图像的旋转矩阵:
[-0.2649513075154256, 0.947015321052238, -0.1815565651200554;
 -0.8058466166167261, -0.3208630418779045, -0.4976526286921765;
 -0.5295394556907366, 0.01445302906607024, 0.8481621748330761]
第4幅图像的平移向量:
[-2.143697230858643;
 -2.137441592704954;
 0.384272953349494]
第5幅图像的旋转向量:
[63.2685010239687;
 -117.9663163642932;
 327.4823925728]
第5幅图像的旋转矩阵:
[-0.3050454550987062, -0.9481316361139833, -0.08940733148598237;
 0.7873489886038756, -0.1982690655615242, -0.5837558974312927;
 0.5357507260546431, -0.2484668554177419, 0.8069915620938928]
第5幅图像的平移向量:
[-0.3391980119369956;
 -2.941510191864593;
 0.7216005689420624]
第6幅图像的旋转向量:
[176.7732902521113;
 -65.80796561589464;
 345.4607939525741]
第6幅图像的旋转矩阵:
[-0.2926070550777933, 0.567597759891134, 0.7695543478437815;
 -0.810769864153554, -0.5739481509111879, 0.1150467185366708;
 0.5069845546948436, -0.5902679925527006, 0.628132436886264]
第6幅图像的平移向量:
[0.1447897579287971;
 -2.686790063959137;
 -0.08536990324075226]
第7幅图像的旋转向量:
[23.50401832272563;
 -72.14069279804183;
 401.9548060621274]
第7幅图像的旋转矩阵:
[0.79917008227242, -0.5935840751185055, -0.09478990118362789;
 0.589500337448978, 0.8047719164255499, -0.06950909782387363;
 0.1175437439774425, -0.0003290873079171419, 0.9930676512470382]
第7幅图像的平移向量:
[0.4441693626831269;
 -2.778620656912068;
 0.154004763540987]
第8幅图像的旋转向量:
[84.63099772588497;
 -89.43815067452428;
 326.47684032039]
第8幅图像的旋转矩阵:
[-0.8619963782500877, 0.07049607367333589, 0.501988592978342;
 -0.3164922545674073, -0.8483989792256779, -0.4243251404850618;
 0.395973353500676, -0.5246422358574189, 0.7536283086986297]
第8幅图像的平移向量:
[0.3030688412758129;
 -2.83308227559199;
 0.5176006180655258]
第9幅图像的旋转向量:
[-66.80381223039474;
 -82.41607315005089;
 287.4279908561885]
第9幅图像的旋转矩阵:
[0.1206607683986958, 0.9895169235282458, 0.0793551322891731;
 -0.8812173294108941, 0.1435734632645355, -0.4503805934897273;
 -0.4570525104573523, -0.01558584926858225, 0.8893031451576056]
第9幅图像的平移向量:
[1.919261070171488;
 2.198806148569778;
 0.6422506689917227]
第10幅图像的旋转向量:
[37.28740416614272;
 -93.09806860093349;
 299.3564830231515]
第10幅图像的旋转矩阵:
[0.03513384492116298, -0.9820661118354046, -0.1852343513648218;
 0.913906379899746, 0.1065738465160613, -0.3916850061175591;
 0.4044017083539546, -0.1555254552260229, 0.9012608340858609]
第10幅图像的平移向量:
[-0.4440956415847673;
 -2.890315447066375;
 -0.7340142742413326]
第11幅图像的旋转向量:
[51.48671006577473;
 -113.2294824553408;
 348.8389261694347]
第11幅图像的旋转矩阵:
[0.9384359655337381, 0.3258063046822111, 0.1148398468393398;
 -0.3311428319763576, 0.9430907169896664, 0.03040270314618047;
 -0.09839900113028913, -0.0665593821879316, 0.9929186699923223]
第11幅图像的平移向量:
[0.2397998884996944;
 2.535356488812295;
 0.06076150059438044]
第12幅图像的旋转向量:
[55.34631345886131;
 -104.6638870313441;
 332.3273507297311]
第12幅图像的旋转矩阵:
[0.608205672898481, -0.7734832082595934, -0.1783524207700933;
 0.7360920145757285, 0.6336741599550094, -0.2379613520787751;
 0.2970764304551128, 0.01344565155578777, 0.954759031862118]
第12幅图像的平移向量:
[-0.02776183002384268;
 -3.011984948427685;
 0.5774084066085353]
